[Individual([5, 6, 10, 11, 16, 23, 24, 25, 28, 34, 36, 37, 46, 59, 64, 74, 84, 87, 88, 89, 91, 92, 97, 98, 99]), (112.0, 1967.0)]
[Individual([0, 5, 10, 11, 16, 23, 24, 25, 28, 29, 34, 36, 43, 46, 56, 59, 64, 74, 75, 84, 87, 88, 91, 97, 98]), (109.0, 1948.0)]
[Individual([0, 5, 10, 11, 23, 24, 25, 28, 29, 36, 37, 46, 50, 52, 56, 59, 64, 74, 84, 87, 88, 89, 91, 97, 98]), (106.0, 1929.0)]
[Individual([0, 5, 6, 10, 11, 23, 24, 25, 28, 29, 34, 35, 36, 40, 46, 47, 50, 52, 59, 64, 84, 87, 91, 97, 98]), (125.0, 1893.0)]
[Individual([0, 5, 10, 11, 16, 23, 24, 29, 34, 37, 46, 47, 56, 59, 64, 74, 75, 84, 87, 88, 89, 91, 97, 98, 99]), (124.0, 1991.0)]
[Individual([5, 10, 11, 16, 23, 24, 25, 28, 29, 36, 37, 46, 50, 56, 59, 64, 74, 84, 87, 88, 91, 92, 97, 98, 99]), (111.0, 1963.0)]
[Individual([5, 10, 11, 23, 24, 25, 28, 33, 34, 36, 40, 46, 47, 52, 56, 59, 64, 74, 75, 84, 87, 88, 91, 97, 98]), (113.0, 1924.0)]
[Individual([2, 4, 5, 10, 11, 12, 16, 17, 18, 20, 23, 25, 27, 30, 34, 36, 38, 40, 41, 42, 43, 44, 47, 48, 49]), (112.0, 866.0)]


%%%
generations = 250
[Individual([2, 3, 4, 5, 41, 10, 43, 12, 13, 47, 49, 20, 23, 36, 44]), (40.0, 567.0)]
[Individual([2, 3, 4, 5, 40, 41, 10, 43, 44, 13, 12, 47, 49, 23, 36]), (43.0, 571.0)]
[Individual([2, 3, 36, 41, 10, 43, 44, 13, 12, 47, 16, 49, 20, 23, 4]), (43.0, 573.0)]

generations = 100
[Individual([2, 4, 5, 41, 43, 44, 13, 12, 47, 17, 20, 23, 36, 25, 30]), (52.0, 582.0)]
gen = 250
[Individual([33, 2, 4, 5, 40, 41, 10, 43, 44, 13, 12, 47, 23, 36, 27]), (54.0, 594.0)]
gen = 500
[Individual([33, 2, 3, 36, 5, 41, 10, 43, 44, 13, 12, 47, 20, 23, 4]), (43.0, 575.0)]
gen = 1000
[Individual([33, 2, 3, 36, 5, 41, 10, 43, 12, 13, 47, 20, 23, 4, 44]), (43.0, 575.0)]
gen = 10000
[Individual([33, 2, 3, 36, 5, 41, 10, 43, 12, 13, 47, 20, 23, 4, 44]), (43.0, 575.0)]
[Individual([33, 2, 36, 5, 38, 41, 10, 43, 12, 13, 47, 19, 20, 23, 4]), (48.0, 577.0)]
[[0, 0, 0, 0, 0, 0, 1, 0, 0, 1, 0, 1, 0, 0, 1, 0, 0, 1, 1, 0, 1, 0, 1, 1, 1, 0, 0, 0, 1, 0, 1, 1, 1, 1, 0, 1, 1, 0, 0, 1, 1, 1, 0, 1, 1, 1, 0, 1, 0, 0], (10000.0, 0.0)]
[Individual([33, 2, 3, 38, 41, 10, 43, 13, 47, 48, 49, 20, 23, 27, 30]), (62.0, 566.0)]
[Individual([33, 2, 36, 41, 10, 43, 44, 13, 12, 47, 49, 20, 23, 4, 15]), (46.0, 577.0)]
[Individual([33, 2, 36, 5, 40, 41, 10, 43, 44, 12, 47, 49, 18, 23, 30]), (51.0, 568.0)]
[Individual([33, 2, 4, 40, 41, 10, 43, 12, 13, 47, 20, 23, 25, 27, 36]), (59.0, 602.0)]
[Individual([2, 3, 4, 41, 10, 43, 12, 13, 47, 16, 17, 20, 22, 23, 25]), (49.0, 560.0)]
[Individual([33, 2, 4, 38, 7, 12, 10, 43, 44, 13, 47, 16, 17, 23, 27]), (72.0, 574.0)]
[Individual([2, 3, 5, 7, 40, 10, 43, 47, 49, 19, 22, 28]), (48.0, 360.0)]
[Individual([32, 2, 38, 40, 10, 12, 13, 47, 20, 30]), (39.0, 350.0)]
[Individual([2, 3, 38, 41, 10, 43, 23]), (18.0, 275.0)]
[Individual([1, 2, 36, 38, 33, 41, 10, 43, 12, 47, 16, 17, 20, 25, 30]), (68.0, 575.0)]
[Individual([33, 2, 4, 5, 40, 41, 42, 43, 44, 13, 12, 47, 20, 23, 36]), (48.0, 565.0)]
[Individual([2, 3, 4, 5, 40, 41, 10, 43, 12, 13, 47, 20, 23, 36, 25]), (46.0, 576.0)]
[Individual([2, 4, 40, 41, 10, 43, 12, 13, 47, 49, 20, 23, 25, 44, 36]), (48.0, 582.0)]
[Individual([2, 3, 36, 5, 12, 10, 43, 44, 13, 47, 49, 20, 41, 23, 27]), (47.0, 574.0)]
[Individual([33, 2, 3, 36, 41, 10, 43, 12, 13, 15, 20, 23, 4, 47, 44]), (42.0, 564.0)]
[Individual([2, 36, 5, 38, 41, 10, 43, 12, 13, 44, 16, 20, 23, 4, 47]), (47.0, 585.0)]
[Individual([33, 2, 36, 38, 49, 41, 43, 12, 13, 47, 16, 17, 23, 25, 27]), (76.0, 632.0)]
[Individual([33, 2, 36, 38, 17, 41, 43, 12, 13, 47, 16, 49, 23, 25, 27]), (76.0, 632.0)]
